\documentclass{article}
\usepackage{amsmath}
\usepackage{amssymb}
\usepackage{array}
\usepackage{graphicx} % Required for \scalebox
\usepackage{hyperref}
\usepackage{listings}
\usepackage{xcolor}
\usepackage{graphicx}
\usepackage{booktabs}
\usepackage{verbatim}
\usepackage[extreme]{savetrees} % tighter margins
\usepackage{lmodern} % Use scalable Latin Modern fonts

\usepackage{bm}
\let\normalmu\mu
\let\normalSigma\Sigma
\renewcommand{\mu}{\bm{\normalmu}} % I want bold mu
\renewcommand{\Sigma}{\bm{\normalSigma}} % I want bold Sigma


\title{Baruch NLA SIP HW 1}
\author{group 1}

\begin{document}
\maketitle
\tableofcontents

\section{exercise 1 Daniel}
Let \(A = (a_{ij}) \in \mathbb{R}^{n\times n}\) and let \(D\) be diagonal with entries \(d_1, \dots, d_n\).
We use the Einstein summation convention (repeated indices are summed).

\[
    (AD)_{ij} = a_{ik} D_{kj} = a_{ik} \, d_k \, \delta_{kj} = a_{ij} \, d_j,
\]
\[
    (DA)_{ij} = D_{ik} a_{kj} = d_i \, \delta_{ik} \, a_{kj} = d_i \, a_{ij}.
\]

Thus
\[
    AD = DA \quad \Longleftrightarrow \quad (d_j - d_i)\, a_{ij} = 0
\]
for all \(i,j\) and all diagonal \(D\).

If \(A\) is diagonal, then \(a_{ij} = 0\) for \(i \neq j\), so \((d_j - d_i)a_{ij} = 0\) holds and \(AD = DA\).

Conversely, suppose \(AD = DA\) for every diagonal \(D\).
Fix \(i \neq j\) and choose \(D\) with \(d_i \neq d_j\) (e.g., \(d_i = 1,\ d_j = 0\), others arbitrary).
Then
\[
    (d_j - d_i)\, a_{ij} = 0 \quad \Longrightarrow \quad a_{ij} = 0.
\]
Since this holds for all \(i \neq j\), \(A\) is diagonal.

Therefore, \(AD = DA\) for any diagonal \(D\) if and only if \(A\) is diagonal.

\section{exercise 2 Daniel}
$M_2 M_3 M_4=M_1^{-1}$ because if we multiply both sides by $M_1$ from the left, we get $M_1 M_2 M_3 M_4 = I$, and the inverse matrix is unique.

Multiply the original statement by $M_1$ from the right and by $M_1^{-1}$ from the left to get $M_2 M_3 M_4 M_1 = I$. So we showed the first statement.
With this new truth, we can derive the inverse for $M_2$ with the same logic and get the 2nd statement,
from which we can derive the inverse for $M_3$, and confirm the 3rd statement, similarly for $M_4$ and for the last statement.

\section{exercise 3 Daniel}
Left-multiply by $I+A$ and right-multiply by $(I+A^{-1})$, which exists, as we can see from the problem statement:

\begin{align*}
    (I+A)(I+A)^{-1}(I+A^{-1})
     & = (I+A)\Bigl[I-(I+A^{-1})^{-1}\Bigr](I+A^{-1}) \\[2mm]
    I\,(I+A^{-1})
     & = (I+A)\Bigl[(I+A^{-1})-I\Bigr]                \\[2mm]
    I+A^{-1}
     & = (I+A)A^{-1}                                  \\
     & = I+A^{-1}.
\end{align*}
We made equivalent transformations throughout the process, the last equation is true, so the first equation must be true too.

\section{exercise 4 Hao Wang}

\begin{itemize}
    \item If \( A \) has rank 1, then all columns of \( A \) are scalar multiples of a single nonzero column vector \( v \). Let the \( i \)-th column of \( A \) be \( w_i v \), where \( w_i \) is a scalar. Then, \( A \) can be written as \( A = vw^T \), where \( w = [w_1, w_2, \dots, w_n]^T \).

    \item If \( A = vw^T \), then every column of \( A \) is a multiple of \( v \), and every row is a multiple of \( w^T \). Thus, the column space and row space of \( A \) are both 1-dimensional, so \( \text{rank}(A) = 1 \).
\end{itemize}

\section{exercise 5 Hao Wang}

Proof of $\det(I - xy^T) = 1 - y^T x$:

Let $x, y \in \mathbb{R}^n$. Consider the rank-1 matrix $xy^T$:

The matrix $xy^T$ has one non-zero eigenvalue: $\lambda = y^T x$ (since $xy^T x = x(y^T x) = (y^T x)x$) and $n-1$ zero eigenvalues (because $\text{rank}(xy^T) = 1$)

Therefore, $I - xy^T$ has eigenvalues: $1 - y^T x$ and $1$ with multiplicity $n-1$

The determinant is the product of eigenvalues, so we can get:
\[
    \det(I - xy^T) = (1 - y^T x) \cdot 1^{n-1} = 1 - y^T x
\]

Based on this conclusion:
\begin{itemize}
    \item If \( I - xy^T \) is nonsingular, then \( \det(I - xy^T) \neq 0 \). Thus, \( 1 - y^T x \neq 0 \), which implies \( y^T x \neq 1 \).

    \item  If \( y^T x \neq 1 \), then \( \det(I - xy^T) = 1 - y^T x \neq 0 \), so \( I - xy^T \) is nonsingular.
\end{itemize}

\section{exercise 6 Daniel}
Wow! Multiply by $A+B$ from the left:
\[\begin{gathered}
        I + B{A^{ - 1}} + A{B^{ - 1}} + I = I\quad X: = B{A^{ - 1}} \hfill \\
        X + {X^{ - 1}} =  - I\quad /X \cdot  \hfill \\
        {X^2} + X + I = 0 \hfill \\
        \left( {{X^2} + X + I} \right)\left( {X - I} \right) = 0\left( {X - I} \right) \qquad \text{thanks, chatGPT}\hfill \\
        {X^3} - I = 0 \hfill \\
        {X^3} = I \Rightarrow \det \left( {{X^3}} \right) = 1 = {\left( {\frac{{\det \left( B \right)}}{{\det \left( A \right)}}} \right)^3}\quad {\text{if }}\det \left( A \right),\det \left( B \right) \in \mathbb{R} \Rightarrow \det \left( A \right) = \det \left( B \right) \hfill \\
    \end{gathered} \]

\section{exercise 7 Daniel}
% Covariance, variances, and correlation matrix
\[
    \Sigma =
    \begin{pmatrix}
        1      & -0.525 & 1.375  & -0.075 & -0.75  \\
        -0.525 & 4      & 0.1875 & 0.1875 & -0.675 \\
        1.375  & 0.1875 & 12.25  & 0.4375 & -1.875 \\
        -0.075 & 0.1875 & 0.4375 & 6.25   & 0.3    \\
        -0.75  & -0.675 & -1.875 & 0.3    & 4.41
    \end{pmatrix}.
\]

% Diagonal matrix of variances and the std-dev matrix
\[
    D=\mathrm{diag}(\Sigma)=
    \begin{pmatrix}
        1 & 0 & 0     & 0    & 0    \\
        0 & 4 & 0     & 0    & 0    \\
        0 & 0 & 12.25 & 0    & 0    \\
        0 & 0 & 0     & 6.25 & 0    \\
        0 & 0 & 0     & 0    & 4.41
    \end{pmatrix},
    \qquad
    S:=D^{1/2}=\mathrm{diag}(1,\,2,\,3.5,\,2.5,\,2.1).
\]

% Definition of the correlation matrix
\[
    \Omega \;=\; D^{-1/2}\,\Sigma\,D^{-1/2}
    \quad\Longleftrightarrow\quad
    \omega_{ij}=\frac{\sigma_{ij}}{\sqrt{\sigma_{ii}\sigma_{jj}}}.
\]

% (Optional) exact fractional form
\[
    \Omega =
    \begin{pmatrix}
        1               & -\tfrac{21}{80} & \tfrac{11}{28}  & -\tfrac{3}{100} & -\tfrac{5}{14}  \\
        -\tfrac{21}{80} & 1               & \tfrac{3}{112}  & \tfrac{3}{80}   & -\tfrac{9}{56}  \\
        \tfrac{11}{28}  & \tfrac{3}{112}  & 1               & \tfrac{1}{20}   & -\tfrac{25}{98} \\
        -\tfrac{3}{100} & \tfrac{3}{80}   & \tfrac{1}{20}   & 1               & \tfrac{2}{35}   \\
        -\tfrac{5}{14}  & -\tfrac{9}{56}  & -\tfrac{25}{98} & \tfrac{2}{35}   & 1
    \end{pmatrix}.
\]

% Numerical result (6 d.p.)
\[
    \Omega \approx
    \begin{pmatrix}
        1         & -0.262500 & 0.392857  & -0.030000 & -0.357143 \\
        -0.262500 & 1         & 0.026786  & 0.037500  & -0.160714 \\
        0.392857  & 0.026786  & 1         & 0.050000  & -0.255102 \\
        -0.030000 & 0.037500  & 0.050000  & 1         & 0.057143  \\
        -0.357143 & -0.160714 & -0.255102 & 0.057143  & 1
    \end{pmatrix}.
\]


\section{exercise 8 Hao Wang}

\subsection*{(i) Covariance matrix with standard deviations (0.1, 0.2, 0.5, 1, 2):}

The covariance matrix \(\Sigma\) is given by:
\[
    \Sigma = \begin{pmatrix}
        0.01   & -0.005 & 0.0075 & -0.005 & -0.06 \\
        -0.005 & 0.04   & -0.01  & -0.05  & 0.04  \\
        0.0075 & -0.01  & 0.25   & 0.10   & 0.05  \\
        -0.005 & -0.05  & 0.10   & 1      & 0.20  \\
        -0.06  & 0.04   & 0.05   & 0.20   & 4
    \end{pmatrix}
\]

\subsection*{(ii) Covariance matrix with standard deviations (2, 1, 0.5, 0.2, 0.1):}

The covariance matrix \(\Sigma\) is given by:
\[
    \Sigma = \begin{pmatrix}
        4     & -0.5  & 0.15   & -0.02 & -0.06  \\
        -0.5  & 1     & -0.05  & -0.05 & 0.01   \\
        0.15  & -0.05 & 0.25   & 0.02  & 0.0025 \\
        -0.02 & -0.05 & 0.02   & 0.04  & 0.002  \\
        -0.06 & 0.01  & 0.0025 & 0.002 & 0.01
    \end{pmatrix}
\]


\section{exercise 9 Hao Wang}

Given the condition:
\[
    \frac{1}{n}A^n = \frac{1}{n+1}A^{n+1} = \frac{1}{n+2}A^{n+2}
\]
Any eigenvalue \(\lambda\) of \(A\) must satisfy:
\[
    \frac{1}{n}\lambda^n = \frac{1}{n+1}\lambda^{n+1} = \frac{1}{n+2}\lambda^{n+2}
\]
The only solution is \(\lambda = 0\). Thus, all eigenvalues of \(A\) must be 0.


\section{exercise 10 Hao Wang}

\subsection*{(i) Symmetric Positive Definite \(A\):}

For any positive integer \(m\), \(A^m\) is symmetric positive definite because:
\begin{itemize}
    \item \(A^m\) is symmetric.
    \item Eigenvalues of \(A^m\) are \(\lambda_i^m > 0\) given \(\lambda_i > 0\).
\end{itemize}

\subsection*{(ii) Symmetric Positive Semidefinite \(A\):}

For any positive integer \(m\), \(A^m\) is symmetric positive semidefinite because:
\begin{itemize}
    \item \(A^m\) is symmetric.
    \item Eigenvalues of \(A^m\) are \(\lambda_i^m \geq 0\) given \(\lambda_i \geq 0\).
\end{itemize}


\section{exercise 11 Hao Wang}

\subsection*{(i) \(M^t A M\) is Symmetric Positive Semidefinite:}

\begin{itemize}
    \item Symmetry: \((M^t A M)^t = M^t A M\).
    \item For any \(x\), \(x^t M^t A M x = (Mx)^t A (M x) \geq 0\).
\end{itemize}

\subsection*{(ii) \(M^t A M\) is Positive Definite if and only if Columns of \(M\) are Linearly Independent:}

\begin{itemize}
    \item If columns of \(M\) are independent, \(M x \neq 0\)  for \(x \neq 0\), then \(x^t M^t A M x > 0\).
    \item If \(x^t M^t A M x > 0\), then \(M x \neq 0\) for any \(x \neq 0\), thus columns of \(M\) are independent.
\end{itemize}

\section{exercise 12 Hao Wang}
\subsection*{(i) log daily returns}{Table 1}
\begin{table}
\caption{log returns Matrix}
\label{tab:log_returns}
\begin{tabular}{lrrr}
 & DOW & NASDAQ & SP500 \\
Date &  &  &  \\
2017-01-04 00:00:00 & 0.003033 & 0.008788 & 0.005706 \\
2017-01-05 00:00:00 & -0.002152 & 0.001995 & -0.000771 \\
2017-01-06 00:00:00 & 0.003237 & 0.006017 & 0.003511 \\
2017-01-09 00:00:00 & -0.003835 & 0.001947 & -0.003555 \\
2017-01-10 00:00:00 & -0.001603 & 0.003609 & 0.000000 \\
2017-01-11 00:00:00 & 0.004961 & 0.002129 & 0.002826 \\
2017-01-12 00:00:00 & -0.003176 & -0.002909 & -0.002147 \\
2017-01-13 00:00:00 & -0.000265 & 0.004789 & 0.001848 \\
2017-01-17 00:00:00 & -0.002969 & -0.006369 & -0.002972 \\
2017-01-18 00:00:00 & -0.001113 & 0.003050 & 0.001762 \\
2017-01-19 00:00:00 & -0.003658 & -0.002806 & -0.003616 \\
2017-01-20 00:00:00 & 0.004795 & 0.002749 & 0.003361 \\
2017-01-23 00:00:00 & -0.001383 & -0.000430 & -0.002694 \\
2017-01-24 00:00:00 & 0.005684 & 0.008610 & 0.006543 \\
2017-01-25 00:00:00 & 0.007794 & 0.009839 & 0.007994 \\
2017-01-26 00:00:00 & 0.001613 & -0.000205 & -0.000736 \\
2017-01-27 00:00:00 & -0.000355 & 0.000990 & -0.000867 \\
2017-01-30 00:00:00 & -0.006123 & -0.008350 & -0.006028 \\
2017-01-31 00:00:00 & -0.005374 & 0.000192 & -0.000890 \\
\end{tabular}
\end{table}

\subsection*{(ii) covariance matrix of log daily returns}{Table 2}
\begin{table}
\caption{log cov Matrix}
\label{tab:log_cov}
\begin{tabular}{lrrr}
 & DOW & NASDAQ & SP500 \\
DOW & 0.000016 & 0.000015 & 0.000014 \\
NASDAQ & 0.000015 & 0.000023 & 0.000016 \\
SP500 & 0.000014 & 0.000016 & 0.000014 \\
\end{tabular}
\end{table}

\subsection*{(iii) percentage daily returns}{Table 3}
\begin{table}
\caption{pct returns Matrix}
\label{tab:pct_returns}
\begin{tabular}{lrrr}
 & DOW & NASDAQ & SP500 \\
Date &  &  &  \\
2017-01-04 00:00:00 & 0.003038 & 0.008827 & 0.005722 \\
2017-01-05 00:00:00 & -0.002150 & 0.001997 & -0.000771 \\
2017-01-06 00:00:00 & 0.003242 & 0.006035 & 0.003517 \\
2017-01-09 00:00:00 & -0.003828 & 0.001949 & -0.003549 \\
2017-01-10 00:00:00 & -0.001602 & 0.003615 & 0.000000 \\
2017-01-11 00:00:00 & 0.004973 & 0.002131 & 0.002830 \\
2017-01-12 00:00:00 & -0.003171 & -0.002905 & -0.002145 \\
2017-01-13 00:00:00 & -0.000265 & 0.004800 & 0.001850 \\
2017-01-17 00:00:00 & -0.002965 & -0.006349 & -0.002968 \\
2017-01-18 00:00:00 & -0.001112 & 0.003055 & 0.001764 \\
2017-01-19 00:00:00 & -0.003652 & -0.002803 & -0.003609 \\
2017-01-20 00:00:00 & 0.004807 & 0.002753 & 0.003366 \\
2017-01-23 00:00:00 & -0.001382 & -0.000430 & -0.002690 \\
2017-01-24 00:00:00 & 0.005700 & 0.008648 & 0.006565 \\
2017-01-25 00:00:00 & 0.007824 & 0.009888 & 0.008026 \\
2017-01-26 00:00:00 & 0.001614 & -0.000205 & -0.000735 \\
2017-01-27 00:00:00 & -0.000355 & 0.000990 & -0.000866 \\
2017-01-30 00:00:00 & -0.006104 & -0.008315 & -0.006010 \\
2017-01-31 00:00:00 & -0.005360 & 0.000192 & -0.000890 \\
\end{tabular}
\end{table}

\subsection*{(iv) covariance matrix of percentage daily returns}{Table 4}
\begin{table}
\caption{pct cov Matrix}
\label{tab:pct_cov}
\begin{tabular}{lrrr}
 & DOW & NASDAQ & SP500 \\
DOW & 0.000016 & 0.000015 & 0.000014 \\
NASDAQ & 0.000015 & 0.000023 & 0.000017 \\
SP500 & 0.000014 & 0.000017 & 0.000014 \\
\end{tabular}
\end{table}


\section{exercise 13 Hao Wang}
\subsection*{(i) Daily}
\begin{table}
\caption{Daily pct cov Matrix}
\label{tab:daily_pct_cov}
\begin{tabular}{lrrrrrrrrr}
 & BAC & BNS & C & GS & JPM & MS & TD & USB & WFC \\
BAC & 0.000531 & 0.000246 & 0.000521 & 0.000375 & 0.000377 & 0.000496 & 0.000196 & 0.000293 & 0.000295 \\
BNS & 0.000246 & 0.000303 & 0.000274 & 0.000212 & 0.000210 & 0.000265 & 0.000217 & 0.000169 & 0.000164 \\
C & 0.000521 & 0.000274 & 0.000574 & 0.000399 & 0.000402 & 0.000532 & 0.000224 & 0.000309 & 0.000313 \\
GS & 0.000375 & 0.000212 & 0.000399 & 0.000350 & 0.000294 & 0.000411 & 0.000174 & 0.000238 & 0.000232 \\
JPM & 0.000377 & 0.000210 & 0.000402 & 0.000294 & 0.000326 & 0.000387 & 0.000166 & 0.000245 & 0.000235 \\
MS & 0.000496 & 0.000265 & 0.000532 & 0.000411 & 0.000387 & 0.000582 & 0.000222 & 0.000310 & 0.000305 \\
TD & 0.000196 & 0.000217 & 0.000224 & 0.000174 & 0.000166 & 0.000222 & 0.000193 & 0.000139 & 0.000135 \\
USB & 0.000293 & 0.000169 & 0.000309 & 0.000238 & 0.000245 & 0.000310 & 0.000139 & 0.000222 & 0.000197 \\
WFC & 0.000295 & 0.000164 & 0.000313 & 0.000232 & 0.000235 & 0.000305 & 0.000135 & 0.000197 & 0.000226 \\
\end{tabular}
\end{table}

\begin{table}
\caption{Daily pct corr Matrix}
\label{tab:daily_pct_corr}
\begin{tabular}{lrrrrrrrrr}
 & BAC & BNS & C & GS & JPM & MS & TD & USB & WFC \\
BAC & 1.000000 & 0.614084 & 0.943582 & 0.869843 & 0.905068 & 0.893289 & 0.612314 & 0.853221 & 0.852008 \\
BNS & 0.614084 & 1.000000 & 0.656837 & 0.649994 & 0.669019 & 0.631424 & 0.895600 & 0.651481 & 0.625134 \\
C & 0.943582 & 0.656837 & 1.000000 & 0.891605 & 0.928207 & 0.921500 & 0.672348 & 0.865484 & 0.868332 \\
GS & 0.869843 & 0.649994 & 0.891605 & 1.000000 & 0.869316 & 0.911971 & 0.669761 & 0.853871 & 0.824126 \\
JPM & 0.905068 & 0.669019 & 0.928207 & 0.869316 & 1.000000 & 0.888550 & 0.662420 & 0.909170 & 0.865720 \\
MS & 0.893289 & 0.631424 & 0.921500 & 0.911971 & 0.888550 & 1.000000 & 0.663019 & 0.860713 & 0.842499 \\
TD & 0.612314 & 0.895600 & 0.672348 & 0.669761 & 0.662420 & 0.663019 & 1.000000 & 0.670164 & 0.647531 \\
USB & 0.853221 & 0.651481 & 0.865484 & 0.853871 & 0.909170 & 0.860713 & 0.670164 & 1.000000 & 0.879214 \\
WFC & 0.852008 & 0.625134 & 0.868332 & 0.824126 & 0.865720 & 0.842499 & 0.647531 & 0.879214 & 1.000000 \\
\end{tabular}
\end{table}

\begin{table}
\caption{Daily log cov Matrix}
\label{tab:daily_log_cov}
\begin{tabular}{lrrrrrrrrr}
 & BAC & BNS & C & GS & JPM & MS & TD & USB & WFC \\
BAC & 0.000535 & 0.000247 & 0.000526 & 0.000379 & 0.000378 & 0.000502 & 0.000198 & 0.000296 & 0.000296 \\
BNS & 0.000247 & 0.000300 & 0.000274 & 0.000212 & 0.000209 & 0.000266 & 0.000216 & 0.000169 & 0.000163 \\
C & 0.000526 & 0.000274 & 0.000580 & 0.000405 & 0.000403 & 0.000540 & 0.000226 & 0.000312 & 0.000314 \\
GS & 0.000379 & 0.000212 & 0.000405 & 0.000354 & 0.000295 & 0.000417 & 0.000176 & 0.000241 & 0.000233 \\
JPM & 0.000378 & 0.000209 & 0.000403 & 0.000295 & 0.000325 & 0.000390 & 0.000166 & 0.000246 & 0.000235 \\
MS & 0.000502 & 0.000266 & 0.000540 & 0.000417 & 0.000390 & 0.000590 & 0.000224 & 0.000313 & 0.000307 \\
TD & 0.000198 & 0.000216 & 0.000226 & 0.000176 & 0.000166 & 0.000224 & 0.000193 & 0.000140 & 0.000136 \\
USB & 0.000296 & 0.000169 & 0.000312 & 0.000241 & 0.000246 & 0.000313 & 0.000140 & 0.000224 & 0.000198 \\
WFC & 0.000296 & 0.000163 & 0.000314 & 0.000233 & 0.000235 & 0.000307 & 0.000136 & 0.000198 & 0.000226 \\
\end{tabular}
\end{table}

\begin{table}
\caption{Daily log corr Matrix}
\label{tab:daily_log_corr}
\begin{tabular}{lrrrrrrrrr}
 & BAC & BNS & C & GS & JPM & MS & TD & USB & WFC \\
BAC & 1.000000 & 0.615775 & 0.943308 & 0.870803 & 0.905344 & 0.893048 & 0.614656 & 0.853932 & 0.850373 \\
BNS & 0.615775 & 1.000000 & 0.658394 & 0.652060 & 0.670548 & 0.632548 & 0.896778 & 0.652902 & 0.626568 \\
C & 0.943308 & 0.658394 & 1.000000 & 0.893366 & 0.928466 & 0.922524 & 0.676455 & 0.866574 & 0.867723 \\
GS & 0.870803 & 0.652060 & 0.893366 & 1.000000 & 0.871169 & 0.912862 & 0.671991 & 0.854523 & 0.824505 \\
JPM & 0.905344 & 0.670548 & 0.928466 & 0.871169 & 1.000000 & 0.889834 & 0.664224 & 0.911052 & 0.865464 \\
MS & 0.893048 & 0.632548 & 0.922524 & 0.912862 & 0.889834 & 1.000000 & 0.665056 & 0.860777 & 0.842024 \\
TD & 0.614656 & 0.896778 & 0.676455 & 0.671991 & 0.664224 & 0.665056 & 1.000000 & 0.671095 & 0.649924 \\
USB & 0.853932 & 0.652902 & 0.866574 & 0.854523 & 0.911052 & 0.860777 & 0.671095 & 1.000000 & 0.878271 \\
WFC & 0.850373 & 0.626568 & 0.867723 & 0.824505 & 0.865464 & 0.842024 & 0.649924 & 0.878271 & 1.000000 \\
\end{tabular}
\end{table}

\begin{itemize}
    \item \underline{Covariance Matrices}:
    \begin{itemize}
        \item Nearly identical Covariance Matrices
    \end{itemize}
    \item \underline{Correlation Matrices}:
    \begin{itemize}
        \item Nearly identical correlation structures
    \end{itemize}
\end{itemize}
    
\subsection*{(ii) Weekly}
\begin{table}
\caption{Weekly pct cov Matrix}
\label{tab:weekly_pct_cov}
\begin{tabular}{lrrrrrrrrr}
 & BAC & BNS & C & GS & JPM & MS & TD & USB & WFC \\
BAC & 0.002115 & 0.000916 & 0.001868 & 0.001289 & 0.000995 & 0.001771 & 0.000572 & 0.000795 & 0.000852 \\
BNS & 0.000916 & 0.001775 & 0.001312 & 0.001053 & 0.000726 & 0.001018 & 0.001058 & 0.000670 & 0.000575 \\
C & 0.001868 & 0.001312 & 0.002134 & 0.001504 & 0.001197 & 0.001886 & 0.000840 & 0.000904 & 0.000893 \\
GS & 0.001289 & 0.001053 & 0.001504 & 0.001407 & 0.000867 & 0.001492 & 0.000750 & 0.000771 & 0.000682 \\
JPM & 0.000995 & 0.000726 & 0.001197 & 0.000867 & 0.000789 & 0.001033 & 0.000472 & 0.000568 & 0.000549 \\
MS & 0.001771 & 0.001018 & 0.001886 & 0.001492 & 0.001033 & 0.001992 & 0.000765 & 0.000833 & 0.000843 \\
TD & 0.000572 & 0.001058 & 0.000840 & 0.000750 & 0.000472 & 0.000765 & 0.000774 & 0.000430 & 0.000371 \\
USB & 0.000795 & 0.000670 & 0.000904 & 0.000771 & 0.000568 & 0.000833 & 0.000430 & 0.000542 & 0.000442 \\
WFC & 0.000852 & 0.000575 & 0.000893 & 0.000682 & 0.000549 & 0.000843 & 0.000371 & 0.000442 & 0.000598 \\
\end{tabular}
\end{table}

\begin{table}
\caption{Weekly pct corr Matrix}
\label{tab:weekly_pct_corr}
\begin{tabular}{lrrrrrrrrr}
 & BAC & BNS & C & GS & JPM & MS & TD & USB & WFC \\
BAC & 1.000000 & 0.472693 & 0.879529 & 0.747518 & 0.770150 & 0.862662 & 0.446917 & 0.742043 & 0.757836 \\
BNS & 0.472693 & 1.000000 & 0.674238 & 0.666234 & 0.613691 & 0.541635 & 0.902576 & 0.683105 & 0.558006 \\
C & 0.879529 & 0.674238 & 1.000000 & 0.868409 & 0.922650 & 0.914616 & 0.653940 & 0.840487 & 0.790964 \\
GS & 0.747518 & 0.666234 & 0.868409 & 1.000000 & 0.823210 & 0.891044 & 0.718928 & 0.883104 & 0.744359 \\
JPM & 0.770150 & 0.613691 & 0.922650 & 0.823210 & 1.000000 & 0.823958 & 0.604450 & 0.867464 & 0.799954 \\
MS & 0.862662 & 0.541635 & 0.914616 & 0.891044 & 0.823958 & 1.000000 & 0.616434 & 0.801593 & 0.772431 \\
TD & 0.446917 & 0.902576 & 0.653940 & 0.718928 & 0.604450 & 0.616434 & 1.000000 & 0.663532 & 0.545015 \\
USB & 0.742043 & 0.683105 & 0.840487 & 0.883104 & 0.867464 & 0.801593 & 0.663532 & 1.000000 & 0.775686 \\
WFC & 0.757836 & 0.558006 & 0.790964 & 0.744359 & 0.799954 & 0.772431 & 0.545015 & 0.775686 & 1.000000 \\
\end{tabular}
\end{table}

\begin{table}
\caption{Weekly log cov Matrix}
\label{tab:weekly_log_cov}
\begin{tabular}{lrrrrrrrrr}
 & BAC & BNS & C & GS & JPM & MS & TD & USB & WFC \\
BAC & 0.002113 & 0.000900 & 0.001855 & 0.001289 & 0.000978 & 0.001765 & 0.000573 & 0.000779 & 0.000846 \\
BNS & 0.000900 & 0.001742 & 0.001295 & 0.001044 & 0.000714 & 0.001025 & 0.001045 & 0.000656 & 0.000560 \\
C & 0.001855 & 0.001295 & 0.002103 & 0.001494 & 0.001173 & 0.001879 & 0.000843 & 0.000887 & 0.000886 \\
GS & 0.001289 & 0.001044 & 0.001494 & 0.001400 & 0.000855 & 0.001490 & 0.000749 & 0.000761 & 0.000680 \\
JPM & 0.000978 & 0.000714 & 0.001173 & 0.000855 & 0.000774 & 0.001021 & 0.000470 & 0.000557 & 0.000544 \\
MS & 0.001765 & 0.001025 & 0.001879 & 0.001490 & 0.001021 & 0.001995 & 0.000774 & 0.000822 & 0.000841 \\
TD & 0.000573 & 0.001045 & 0.000843 & 0.000749 & 0.000470 & 0.000774 & 0.000764 & 0.000426 & 0.000368 \\
USB & 0.000779 & 0.000656 & 0.000887 & 0.000761 & 0.000557 & 0.000822 & 0.000426 & 0.000532 & 0.000435 \\
WFC & 0.000846 & 0.000560 & 0.000886 & 0.000680 & 0.000544 & 0.000841 & 0.000368 & 0.000435 & 0.000594 \\
\end{tabular}
\end{table}

\begin{table}
\caption{Weekly log corr Matrix}
\label{tab:weekly_log_corr}
\begin{tabular}{lrrrrrrrrr}
 & BAC & BNS & C & GS & JPM & MS & TD & USB & WFC \\
BAC & 1.000000 & 0.469213 & 0.879804 & 0.749428 & 0.764970 & 0.859807 & 0.450752 & 0.734511 & 0.755260 \\
BNS & 0.469213 & 1.000000 & 0.676502 & 0.668763 & 0.615029 & 0.550044 & 0.905788 & 0.681816 & 0.550721 \\
C & 0.879804 & 0.676502 & 1.000000 & 0.870898 & 0.919974 & 0.917388 & 0.664763 & 0.838013 & 0.792214 \\
GS & 0.749428 & 0.668763 & 0.870898 & 1.000000 & 0.821866 & 0.891789 & 0.724464 & 0.882196 & 0.745531 \\
JPM & 0.764970 & 0.615029 & 0.919974 & 0.821866 & 1.000000 & 0.822116 & 0.611227 & 0.868739 & 0.801646 \\
MS & 0.859807 & 0.550044 & 0.917388 & 0.891789 & 0.822116 & 1.000000 & 0.626950 & 0.797574 & 0.771984 \\
TD & 0.450752 & 0.905788 & 0.664763 & 0.724464 & 0.611227 & 0.626950 & 1.000000 & 0.667419 & 0.546301 \\
USB & 0.734511 & 0.681816 & 0.838013 & 0.882196 & 0.868739 & 0.797574 & 0.667419 & 1.000000 & 0.773278 \\
WFC & 0.755260 & 0.550721 & 0.792214 & 0.745531 & 0.801646 & 0.771984 & 0.546301 & 0.773278 & 1.000000 \\
\end{tabular}
\end{table}

\begin{itemize}
    \item \underline{Covariance Matrices}:
    \begin{itemize}
        \item Discrepancy increases to 1.5-2\% relative difference
    \end{itemize}
    \item \underline{Correlation Matrices}:
    \begin{itemize}
        \item Maintains strong similarity
    \end{itemize}
\end{itemize}
    
\subsection*{(iii) Monthly}
\begin{table}
\caption{Monthly pct cov Matrix}
\label{tab:monthly_pct_cov}
\begin{tabular}{lrrrrrrrrr}
 & BAC & BNS & C & GS & JPM & MS & TD & USB & WFC \\
BAC & 0.008850 & 0.005215 & 0.007352 & 0.005700 & 0.004835 & 0.005510 & 0.002489 & 0.004447 & 0.004074 \\
BNS & 0.005215 & 0.010158 & 0.005048 & 0.003909 & 0.002658 & 0.001627 & 0.004655 & 0.003242 & 0.002022 \\
C & 0.007352 & 0.005048 & 0.006867 & 0.004682 & 0.004384 & 0.004468 & 0.002421 & 0.003867 & 0.003592 \\
GS & 0.005700 & 0.003909 & 0.004682 & 0.003901 & 0.002966 & 0.003762 & 0.001875 & 0.002934 & 0.002428 \\
JPM & 0.004835 & 0.002658 & 0.004384 & 0.002966 & 0.002896 & 0.002943 & 0.001263 & 0.002452 & 0.002423 \\
MS & 0.005510 & 0.001627 & 0.004468 & 0.003762 & 0.002943 & 0.004555 & 0.000783 & 0.002678 & 0.002347 \\
TD & 0.002489 & 0.004655 & 0.002421 & 0.001875 & 0.001263 & 0.000783 & 0.002426 & 0.001644 & 0.001061 \\
USB & 0.004447 & 0.003242 & 0.003867 & 0.002934 & 0.002452 & 0.002678 & 0.001644 & 0.002352 & 0.002058 \\
WFC & 0.004074 & 0.002022 & 0.003592 & 0.002428 & 0.002423 & 0.002347 & 0.001061 & 0.002058 & 0.002112 \\
\end{tabular}
\end{table}

\begin{table}
\caption{Monthly pct corr Matrix}
\label{tab:monthly_pct_corr}
\begin{tabular}{lrrrrrrrrr}
 & BAC & BNS & C & GS & JPM & MS & TD & USB & WFC \\
BAC & 1.000000 & 0.549961 & 0.943076 & 0.970124 & 0.954980 & 0.867778 & 0.537142 & 0.974807 & 0.942299 \\
BNS & 0.549961 & 1.000000 & 0.604378 & 0.620937 & 0.490081 & 0.239122 & 0.937724 & 0.663404 & 0.436542 \\
C & 0.943076 & 0.604378 & 1.000000 & 0.904589 & 0.983171 & 0.798992 & 0.593265 & 0.962246 & 0.943275 \\
GS & 0.970124 & 0.620937 & 0.904589 & 1.000000 & 0.882392 & 0.892545 & 0.609491 & 0.968568 & 0.845865 \\
JPM & 0.954980 & 0.490081 & 0.983171 & 0.882392 & 1.000000 & 0.810234 & 0.476495 & 0.939730 & 0.979739 \\
MS & 0.867778 & 0.239122 & 0.798992 & 0.892545 & 0.810234 & 1.000000 & 0.235619 & 0.818322 & 0.756643 \\
TD & 0.537142 & 0.937724 & 0.593265 & 0.609491 & 0.476495 & 0.235619 & 1.000000 & 0.688214 & 0.468561 \\
USB & 0.974807 & 0.663404 & 0.962246 & 0.968568 & 0.939730 & 0.818322 & 0.688214 & 1.000000 & 0.923670 \\
WFC & 0.942299 & 0.436542 & 0.943275 & 0.845865 & 0.979739 & 0.756643 & 0.468561 & 0.923670 & 1.000000 \\
\end{tabular}
\end{table}

\begin{table}
\caption{Monthly log cov Matrix}
\label{tab:monthly_log_cov}
\begin{tabular}{lrrrrrrrrr}
 & BAC & BNS & C & GS & JPM & MS & TD & USB & WFC \\
BAC & 0.009131 & 0.004831 & 0.007539 & 0.005811 & 0.004922 & 0.005484 & 0.002379 & 0.004494 & 0.004239 \\
BNS & 0.004831 & 0.008770 & 0.004638 & 0.003679 & 0.002429 & 0.001610 & 0.004097 & 0.002960 & 0.001855 \\
C & 0.007539 & 0.004638 & 0.006891 & 0.004761 & 0.004386 & 0.004440 & 0.002308 & 0.003874 & 0.003691 \\
GS & 0.005811 & 0.003679 & 0.004761 & 0.003941 & 0.002996 & 0.003699 & 0.001812 & 0.002943 & 0.002510 \\
JPM & 0.004922 & 0.002429 & 0.004386 & 0.002996 & 0.002877 & 0.002898 & 0.001199 & 0.002441 & 0.002464 \\
MS & 0.005484 & 0.001610 & 0.004440 & 0.003699 & 0.002898 & 0.004311 & 0.000786 & 0.002633 & 0.002375 \\
TD & 0.002379 & 0.004097 & 0.002308 & 0.001812 & 0.001199 & 0.000786 & 0.002217 & 0.001559 & 0.001028 \\
USB & 0.004494 & 0.002960 & 0.003874 & 0.002943 & 0.002441 & 0.002633 & 0.001559 & 0.002334 & 0.002097 \\
WFC & 0.004239 & 0.001855 & 0.003691 & 0.002510 & 0.002464 & 0.002375 & 0.001028 & 0.002097 & 0.002192 \\
\end{tabular}
\end{table}

\begin{table}
\caption{Monthly log corr Matrix}
\label{tab:monthly_log_corr}
\begin{tabular}{lrrrrrrrrr}
 & BAC & BNS & C & GS & JPM & MS & TD & USB & WFC \\
BAC & 1.000000 & 0.539883 & 0.950377 & 0.968718 & 0.960392 & 0.874066 & 0.528889 & 0.973369 & 0.947534 \\
BNS & 0.539883 & 1.000000 & 0.596625 & 0.625677 & 0.483531 & 0.261835 & 0.929212 & 0.654228 & 0.423146 \\
C & 0.950377 & 0.596625 & 1.000000 & 0.913638 & 0.984970 & 0.814652 & 0.590508 & 0.966026 & 0.949549 \\
GS & 0.968718 & 0.625677 & 0.913638 & 1.000000 & 0.889587 & 0.897343 & 0.612968 & 0.970428 & 0.853792 \\
JPM & 0.960392 & 0.483531 & 0.984970 & 0.889587 & 1.000000 & 0.822758 & 0.474618 & 0.941939 & 0.980916 \\
MS & 0.874066 & 0.261835 & 0.814652 & 0.897343 & 0.822758 & 1.000000 & 0.254362 & 0.830165 & 0.772551 \\
TD & 0.528889 & 0.929212 & 0.590508 & 0.612968 & 0.474618 & 0.254362 & 1.000000 & 0.685373 & 0.466092 \\
USB & 0.973369 & 0.654228 & 0.966026 & 0.970428 & 0.941939 & 0.830165 & 0.685373 & 1.000000 & 0.927153 \\
WFC & 0.947534 & 0.423146 & 0.949549 & 0.853792 & 0.980916 & 0.772551 & 0.466092 & 0.927153 & 1.000000 \\
\end{tabular}
\end{table}

\begin{itemize}
    \item \underline{Covariance Matrices}:
    \begin{itemize}
        \item Significant divergence emerges (3-4\% relative difference)
        \item Percentage returns overstate covariance
    \end{itemize}
    \item \underline{Correlation Matrices}:
    \begin{itemize}
        \item Structural similarity preserved but magnitude differences grow
    \end{itemize}
\end{itemize}


\subsection*{(iv) Comment}
\begin{itemize}
    \item The values in both covariance and correlation matrices increase as the frequency decreases (daily $\rightarrow$ weekly $\rightarrow$ monthly), as longer-term volatility becomes smoothed in lower frequency returns.
    \item The differences between matrices computed from log returns versus percentage returns are minimal, particularly for high-frequency (daily) data where they are approximately equivalent.
\end{itemize}

\section{exercise 14 Hao Wang}
The pseudocode for the LU decomposition without pivoting for banded matrices of band m.

\begin{lstlisting}[basicstyle=\ttfamily, frame=single, numbers=left]
function BandedLU(A, n, m):
    for i = 1: n-1
        for k = i: min((i + m), n)
            U(i, k) = A(i, k);
            L(k, i) = A(k, i)/U(i, i);
        end
        for j = (i + 1): n
            for k = (i + 1): n
                A(j, k) = A(j, k) - L(j, i)U(i, k);
            end
        end
    end
    L(n, n) = 1; U(n, n) = A(n, n)
    return L, U
\end{lstlisting}

The operation count:
\[\sum_{i=1}^{n-m} (m+1) + \sum_{i=n-m+1}^{n-1} (n-i+1) + 2\sum_{i=1}^{n-1} (n-i)^2 = \frac{2}{3}n^3+mn-n^2-\frac{1}{2}m^2+n-\frac{1}{2}m\]

Use (without proving) the fact that the L and U factors from the LU decomposition without pivoting of a banded matrix of band m are a banded lower triangular matrix of band m and a banded upper triangular matrix of band m, respectively.

\begin{lstlisting}[basicstyle=\ttfamily, frame=single, numbers=left]
function BandedLU(A, n, m):
    for i = 1: n-1
        for k = i: min((i + m), n)
            U(i, k) = A(i, k);
            L(k, i) = A(k, i)/U(i, i);
        end
        for j = (i + 1): min((i + m), n)
            for k = (i + 1): min((i + m), n)
                A(j, k) = A(j, k) - L(j, i)U(i, k);
            end
        end
    end
    L(n, n) = 1; U(n, n) = A(n, n)
    return L, U
\end{lstlisting}

The operation count:
\[\sum_{i=1}^{n-m} (m+1) + \sum_{i=n-m+1}^{n-1} (n-i+1) + 2\sum_{i=1}^{n-m} m^2 + 2\sum_{i=n-m+1}^{n-1} (n-i)^2 = 2m^2n-\frac{4}{3}m^3+mn-\frac{3}{2}m^2+n-\frac{1}{6}m-1\]


\section{exercise 15 Daniel}
The matrix is only of 4x4 and writing out all the equations would actually lead to a 4th order polynomial that can be reduced to a 2nd order polynomial.

We can also look up the Dan's LA Primer book for this example.

Another way is to get reminded by ChatGPT that we can reduce the problem to a linear, homogeneous, constant-coefficient recurrence relation. This looks like a pretty general approch so I go with this one.

Let the eigenvector be $\mathbf{p} = \begin{pmatrix} p_1 \\ p_2 \\ p_3 \\ p_4 \end{pmatrix}$, then we have the following system of equations:
\[ - {p_{j - 1}} + \left( {2 - \lambda } \right){p_j} - {p_{j + 1}} = 0\qquad \forall j \in \{ 1,2,3,4\} \quad {p_0} = {p_5} = 0\]
We solve it with the ansatz $p_j = r^j$ for some $r$. Plugging in gives us the characteristic equation:
\[ - r^{j-1} + (2 - \lambda) r^j - r^{j+1} = 0 \]
Dividing by $r^{j-1}$ (for $r \neq 0$) leads to:
\[ - 1 + (2 - \lambda) r - r^2 = 0 \]
Rearranging gives the standard form of a quadratic equation:
\[ r^2 - (2 - \lambda) r + 1 = 0 \]
Note that if $r$ is a root, then $r^{-1}$ is also a root, so we can write the general solution as
\[ p_j = A r^j + B r^{-j} \]
for some constants $A$ and $B$. $B=-A$ because $p_0 = 0$, so we can write
\[ p_j = A \left( r^j - r^{-j} \right) \]
At $p_5  =0$ we have
\[ 0 = A \left( r^5 - r^{-5} \right) \]
This implies that either $A = 0$ or $r^5 = r^{-5}$, which leads to $r^{10} = 1$. The solutions to this equation are the 10th roots of unity:
\[ r = e^{i\frac{2\pi k}{10}}, \quad k = 0, 1, \ldots, 4 \]
Note that $k>4$ result in the same solutions due to $B=-A$ and the periodicity of the exponential fucntion. From the quadratic equation, divided by $r$:
\[2-\lambda_k = e^{i\frac{2\pi k}{10}} + e^{-i\frac{2\pi k}{10}} = 2 \cos\left(\frac{2\pi k}{10}\right)\quad \]
So the matrix has the diagonal form of
\[
    \Lambda = \begin{pmatrix}
        2 - 2\cos\left(\frac{\pi}{5}\right) & 0                                    & 0                                    & 0                                    \\
        0                                   & 2 - 2\cos\left(\frac{2\pi}{5}\right) & 0                                    & 0                                    \\
        0                                   & 0                                    & 2 - 2\cos\left(\frac{3\pi}{5}\right) & 0                                    \\
        0                                   & 0                                    & 0                                    & 2 - 2\cos\left(\frac{4\pi}{5}\right)
    \end{pmatrix}
\]

\section{exercise 16 Hao Wang}

The given matrix \( J \) is an \( n \times n \) tridiagonal matrix with the following structure:
\[
    J = \begin{pmatrix}
        a      & 0      & 0      & \cdots & 0      \\
        b      & a      & 0      & \cdots & 0      \\
        0      & b      & a      & \cdots & 0      \\
        \vdots & \vdots & \vdots & \ddots & \vdots \\
        0      & 0      & 0      & \cdots & a
    \end{pmatrix}
\]

\subsection*{Eigenvalues:}
The eigenvalues of \( J \) are all equal to \( a \). This is because \( J \) is a lower triangular matrix, and the eigenvalues of a triangular matrix are the entries on its main diagonal.

\subsection*{Eigenvectors:}
To find the eigenvectors corresponding to the eigenvalue \( a \), we solve:
\[
    (J - a I) \mathbf{v} = 0
\]
This simplifies to:
\[
    \begin{pmatrix}
        0      & 0      & 0      & \cdots & 0      \\
        b      & 0      & 0      & \cdots & 0      \\
        0      & b      & 0      & \cdots & 0      \\
        \vdots & \vdots & \vdots & \ddots & \vdots \\
        0      & 0      & 0      & \cdots & 0
    \end{pmatrix}
    \begin{pmatrix}
        v_1    \\
        v_2    \\
        v_3    \\
        \vdots \\
        v_n
    \end{pmatrix}
    =
    \begin{pmatrix}
        0      \\
        0      \\
        0      \\
        \vdots \\
        0
    \end{pmatrix}
\]

From this system, we deduce:
\[
    v_1 = v_2 = \cdots = v_{n-1} = 0, \quad v_n \text{ is free.}
\]
Thus, the only eigenvector is:
\[
    \mathbf{v} = \begin{pmatrix}
        0      \\
        0      \\
        \vdots \\
        0      \\
        1
    \end{pmatrix}
\]

\section{exercise 17 Daniel}
\[\begin{gathered}
        \Omega  = \rho {\mathbf{1}}{{\mathbf{1}}^T} + \left( {\rho  - 1} \right){\mathbf{I}} \hfill \\
        \Omega v = \left( {\rho {\mathbf{1}}{{\mathbf{1}}^T} + \left( {\rho  - 1} \right){\mathbf{I}}} \right)v \hfill \\
        \Omega v = \rho {\mathbf{1}}\left( {{{\mathbf{1}}^T}v} \right) + \left( {1 - \rho } \right)v \Rightarrow \begin{array}{*{20}{c}}
            {{v_1} = {\mathbf{1}}\qquad {\lambda _1} = \rho n + 1 - \rho  \geqslant 0 \Rightarrow \boxed{\rho  \geqslant \frac{{ - 1}}{{n - 1}}}} \\
            {{\mathbf{1}^T}{v_{2,3, \ldots }} = 0\quad {\lambda _{2,3, \ldots }} = 1 - \rho  \geqslant 0 \Rightarrow \boxed{\rho  \leqslant 1}}
        \end{array} \hfill \\
    \end{gathered} \]

\section{exercise 18 Daniel}
The matrix can be written as
\[A= d{{\mathbf{I}}_{n \times n}} + {\mathbf{1}} \left( {1,2, \ldots ,n} \right)\]
The identity matrix has every vector as an eigenvector, and the rank-1 matrix has only 1 eigenvector $\mathbf{v}$ outside the diad's kernel, for which:
\[
    \hat\lambda \mathbf{v} = \left[{\mathbf{1}} \left( {1,2, \ldots ,n} \right) \right] \cdot \mathbf{v} = {\mathbf{1}} \cdot \left[ \left( {1,2, \ldots ,n} \right) \mathbf{v}\right] \Rightarrow \mathbf{v}_1 = \mathbf{1} \quad \hat\lambda_1 = \frac{n \cdot (n+1)}{2}
\]
And for the kernel:
\[\left[ {{\mathbf{1}}\left( {1,2, \ldots ,n} \right)} \right]{\mathbf{v}} = {\mathbf{1}}\underbrace {\left[ {\left( {1,2, \ldots ,n} \right){\mathbf{v}}} \right]}_0 \Rightarrow \hat\lambda _k = 0\quad \forall k \in \left\{ {2,3, \ldots ,n} \right\}\quad {{\mathbf{v}}_k} = {{\mathbf{e}}_1} - {{\mathbf{e}}_k}/k\]

So the eigenvalues for $A$ are
\begin{itemize}
    \item $\lambda_1 = d + \frac{n \cdot (n+1)}{2}$ and the eigenvector is $\mathbf{v}_1 = \mathbf{1}$.
    \item $\lambda_k = d$ and the eigenvectors are $\mathbf{v}_k = {\mathbf{e}}_1 - {{\mathbf{e}}_k}/k$ for $k \in \left\{2, 3, \ldots n\right\}$
\end{itemize}


\section{exercise 19 Daniel}
Let $v \neq0$, then $Qv \neq 0$ because $Q$ is orthogonal so it keeps the norm.

i) \[{v^t}{Q^t}AQv = {\left( {Qv} \right)^t}A\left( {Qv} \right) > 0\]
must hold because $A$ is spd, and $Qv$ is a non-zero vector. So $Q^tAQ$ is also spd.

ii) \[{v^t}{Q^t}AQv = {\left( {Qv} \right)^t}A\left( {Qv} \right) \geqslant 0\]
must hold because $A$ is spsd. So $Q^tAQ$ is also spsd.

\section{exercise 20 Daniel}
\[A = Q\Lambda {Q^t} \Rightarrow {A^{ - 1}} = {\left( {{Q^t}} \right)^{ - 1}}{\Lambda ^{ - 1}}{Q^{ - 1}}\]
$Q$ orthogonal, $Q^{-1} = Q^t$:
\[\begin{gathered}
        {A^{ - 1}} = Q{\Lambda ^{ - 1}}{Q^t} \hfill \\
        A{A^{ - 1}} = ?I = ?Q\Lambda {Q^t}Q{\Lambda ^{ - 1}}{Q^t} = Q\Lambda {\Lambda ^{ - 1}}{Q^t} = Q{Q^t} = I \hfill \\
    \end{gathered} \]

\section{exercise 21 Hao Wang}

Given the matrix:
\[
    \Omega = \begin{pmatrix}
        1   & 0.2  & 0.3  \\
        0.2 & 1    & -0.2 \\
        0.3 & -0.2 & 1
    \end{pmatrix},
\]
we verify it is a correlation matrix by checking:
\begin{itemize}
    \item Symmetry: \(\Omega = \Omega^T\).
    \item Diagonal entries: All are 1.
    \item Positive semidefiniteness: All leading principal minors are non-negative.
\end{itemize}

The determinant is:
\[
    \det(\Omega) = 0.806 \geq 0.
\]
Thus, \(\Omega\) is a valid correlation matrix.

The Cholesky factor \(U\) (upper triangular) satisfies \(\Omega = U^TU\). Computing \(U\):
\[
    U \approx \begin{pmatrix}
        1 & 0.2    & 0.3     \\
        0 & 0.9798 & -0.2654 \\
        0 & 0      & 0.9163
    \end{pmatrix}
\]

\section{exercise 22 Hao Wang}

\subsection*{(i) Values of \(\rho\) for Valid Correlation Matrix:}

The matrix:
\[
    \Omega = \begin{pmatrix}
        1    & 0.4  & -0.4 \\
        0.4  & 1    & \rho \\
        -0.4 & \rho & 1
    \end{pmatrix}
\]
must be positive semidefinite. The determinant condition yields:
\[
    \rho^2 + 0.32\rho - 0.68 \leq 0 \implies \rho \in [-1, 0.68].
\]

\subsection*{(ii) Bounds for \(\rho = \text{corr}(X_1, X_2)\):}

Given correlations:
\[
    \Omega = \begin{pmatrix}
        1    & \rho & 0.4  & -0.2 \\
        \rho & 1    & 0.2  & -0.3 \\
        0.4  & 0.2  & 1    & -0.2 \\
        -0.2 & -0.3 & -0.2 & 1
    \end{pmatrix}
\]

We determine the valid range for $\rho$ by requiring all leading principal minors to be non-negative.

1. First-order Principal Minor
\[
    \Delta_1 = 1 > 0 \quad \text{(Always satisfied)}
\]

2. Second-order Principal Minor
\[
    \Delta_2 = \begin{vmatrix}
        1    & \rho \\
        \rho & 1
    \end{vmatrix} = 1 - \rho^2 \geq 0
\]
\[
    \Rightarrow \rho \in [-1, 1]
\]

3. Third-order Principal Minor
\[
    \Delta_3 = \begin{vmatrix}
        1    & \rho & 0.4 \\
        \rho & 1    & 0.2 \\
        0.4  & 0.2  & 1
    \end{vmatrix}
    = -\rho^2 + 0.16\rho + 0.8 \geq 0
\]
Solving the quadratic inequality:
\[
    \rho^2 - 0.16\rho - 0.8 \leq 0 \Rightarrow \rho \in [-0.818, 0.978]
\]

4. Fourth-order Principal Minor (Full Determinant)
\begin{align*}
    \Delta_4 & = \det(\bm{\Omega})                        \\
             & =\begin{vmatrix}
                    1-\rho^2     & 0.2-0.4\rho & -0.3+0.2\rho \\
                    0.2-0.4\rho  & 0.84        & -0.12        \\
                    -0.3+0.2\rho & -0.12       & 0.96
                \end{vmatrix}
    =-0.96\rho^2 + 0.216\rho + 0.6924 \geq 0
\end{align*}
Solving:
\[
    0.96\rho^2 - 0.216\rho - 0.6924 \leq 0 \Rightarrow \rho \in [-0.744, 0.969]
\]

Intersection of all conditions:
\[
    \rho \in [-0.744, 0.969]
\]

\section{exercise 23 Daniel}
The covariance matrix $\mathbf{\Sigma}$ is symmetric and positive definite,
so we can find an Cholesky decomposition,
using which we can define the random vector $\mathbf{X}$ that has the right properties.

\[{\mathbf{\Sigma }} = {\mathbf{L}}{{\mathbf{L}}^T}\qquad {\mathbf{LZ}} = {\mathbf{X}} \Rightarrow Var\left( {\mathbf{X}} \right) = {\mathbf{L}}{{\mathbf{L}}^T} = {\mathbf{\Sigma }}\]

\[{\mathbf{L}} = \left( {\begin{array}{*{20}{c}}
            a & 0 \\
            d & c
        \end{array}} \right) \Rightarrow \begin{array}{*{20}{c}}
        {{a^2} = 9} \\
        {ab =  - 4} \\
        {{b^2} + {c^2} = 16}
    \end{array} \Rightarrow \begin{array}{*{20}{c}}
        {a = 3}      \\
        {b =  - 4/3} \\
        {c = 8\sqrt 2 /3}
    \end{array} \Rightarrow \begin{array}{*{20}{c}}
